[{"id": 0, "img_name": "0001", "width": 800, "height": 800, "position": [1.4490860700607298, -0.3742331564426422, -0.10049432516098022], "rotation": [[0.2500505745410919, -0.06486792862415314, -0.9660574197769166], [0.968232810497284, 0.01675243861973286, 0.24948877096176147], [-1.862645367137721e-09, -0.997753143310547, 0.06699621677398682]], "fy": 1111.1110311937682, "fx": 1111.1110311937682}, {"id": 1, "img_name": "0002", "width": 800, "height": 800, "position": [0.8529390692710875, -0.9584344625473021, -0.777108907699585], "rotation": [[0.7470232248306274, -0.34441360831260676, -0.568626046180725], [0.6647979617118834, 0.387012243270874, 0.6389563083648682], [-1.4901163021359704e-08, -0.855336606502533, 0.5180726051330565]], "fy": 1111.1110311937682, "fx": 1111.1110311937682}, {"id": 2, "img_name": "0003", "width": 800, "height": 800, "position": [-0.4093294739723205, 0.9768220186233519, 1.0621997117996214], "rotation": [[-0.9222972393035888, -0.27368021011352545, 0.2728863358497619], [-0.3864812850952148, 0.6531092524528506, -0.6512147188186644], [-1.4901159479760977e-08, -0.7060789465904236, -0.7081331610679625]], "fy": 1111.1110311937682, "fx": 1111.1110311937682}, {"id": 3, "img_name": "0004", "width": 800, "height": 800, "position": [-0.42400082945823664, 0.2306298315525054, 1.4202229976654053], "rotation": [[-0.47782453894615173, -0.8317350149154662, 0.2826671898365021], [-0.8784554004669188, 0.4524116218090056, -0.15375320613384244], [1.4901161210385902e-08, -0.3217775225639343, -0.9468152523040771]], "fy": 1111.1110311937682, "fx": 1111.1110311937682}, {"id": 4, "img_name": "0005", "width": 800, "height": 800, "position": [-0.011842304840683939, 0.021455764770507806, 1.499799847602844], "rotation": [[-0.8754976391792298, -0.4831580221652986, 0.007894868962466719], [-0.48322254419326777, 0.8753807544708251, -0.014303842559456822], [-4.656613439808822e-10, -0.016336778178811073, -0.9998664855957031]], "fy": 1111.1110311937682, "fx": 1111.1110311937682}, {"id": 5, "img_name": "0006", "width": 800, "height": 800, "position": [-0.5801962018012999, -1.3733448982238772, -0.16521623730659488], "rotation": [[0.9211679697036742, 0.04286428168416022, 0.38679745793342585], [-0.38916528224945063, 0.1014612689614296, 0.9155632257461548], [6.8149290898953e-18, -0.9939156174659728, 0.11014415323734283]], "fy": 1111.1110311937682, "fx": 1111.1110311937682}, {"id": 6, "img_name": "0007", "width": 800, "height": 800, "position": [0.2676590979099273, -1.4097932577133179, -0.436853975057602], "rotation": [[0.9824502468109131, -0.05432279780507087, -0.17843942344188687], [0.1865250468254089, 0.2861248552799225, 0.9398623108863832], [3.7252903106620745e-09, -0.9566512107849122, 0.29123601317405706]], "fy": 1111.1110311937682, "fx": 1111.1110311937682}, {"id": 7, "img_name": "0008", "width": 800, "height": 800, "position": [1.2567681074142458, 0.4597720205783843, -0.6776013970375062], "rotation": [[-0.3435675501823425, -0.4242362380027771, -0.8378454446792604], [0.9391279816627501, -0.15520122647285456, -0.3065146803855895], [-0.0, -0.8921525478363038, 0.45173427462577825]], "fy": 1111.1110311937682, "fx": 1111.1110311937682}, {"id": 8, "img_name": "0009", "width": 800, "height": 800, "position": [-0.5349088311195374, 1.2138173580169678, -0.7003711462020874], "rotation": [[-0.9150844812393188, 0.18828885257244107, 0.35660591721534723], [-0.4032622575759887, -0.42726585268974304, -0.8092116713523863], [6.049669929719965e-18, -0.8843027353286744, 0.4669141471385956]], "fy": 1111.1110311937682, "fx": 1111.1110311937682}, {"id": 9, "img_name": "0010", "width": 800, "height": 800, "position": [1.2468314170837402, 0.3099793493747711, 0.7741602659225465], "rotation": [[-0.24126920104026794, 0.5008601546287537, -0.8312209844589231], [0.9704582691192627, 0.12452068179845814, -0.2066529095172882], [-7.450580615753235e-09, -0.8565242290496825, -0.5161068439483643]], "fy": 1111.1110311937682, "fx": 1111.1110311937682}, {"id": 10, "img_name": "0011", "width": 800, "height": 800, "position": [0.9922651648521423, -1.1211794614791868, 0.09146882593631747], "rotation": [[0.7488465309143066, 0.04041357338428498, -0.6615101099014281], [0.6627434492111205, -0.045664068311452886, 0.7474529743194582], [3.7252898468161144e-09, -0.9981390833854674, -0.06097921729087831]], "fy": 1111.1110311937682, "fx": 1111.1110311937682}, {"id": 11, "img_name": "0012", "width": 800, "height": 800, "position": [1.153594255447388, 0.01719882339239121, 0.9586055278778074], "rotation": [[-0.014907244592905043, 0.6389992833137513, -0.7690628767013551], [0.9998888969421387, 0.00952677708119154, -0.011465882882475853], [-4.6566123193817053e-10, -0.7691484093666076, -0.6390703916549683]], "fy": 1111.1110311937682, "fx": 1111.1110311937682}, {"id": 12, "img_name": "0013", "width": 800, "height": 800, "position": [-1.4724586009979248, -0.26296293735504156, 0.11276717483997344], "rotation": [[0.17580612003803253, -0.07400719076395035, 0.98163902759552], [-0.9844248294830322, -0.013216772116720678, 0.17530861496925357], [9.31322575530179e-10, -0.997170090675354, -0.0751781091094017]], "fy": 1111.1110311937682, "fx": 1111.1110311937682}, {"id": 13, "img_name": "0014", "width": 800, "height": 800, "position": [0.0862159878015518, 0.2908811867237091, -1.4689979553222656], "rotation": [[-0.9587721228599548, -0.27830275893211365, -0.05747732520103454], [0.28417611122131353, -0.9389562010765077, -0.19392079114913943], [6.089570399334864e-18, -0.20225933194160467, 0.9793319702148438]], "fy": 1111.1110311937682, "fx": 1111.1110311937682}, {"id": 14, "img_name": "0015", "width": 800, "height": 800, "position": [-1.327016592025757, 0.08055829256772994, 0.6946489810943605], "rotation": [[-0.06059476733207702, -0.4622483551502227, 0.8846778273582458], [-0.9981624484062195, 0.028061395511031144, -0.05370553582906723], [1.8626449287127973e-09, -0.8863064050674437, -0.4630993902683258]], "fy": 1111.1110311937682, "fx": 1111.1110311937682}, {"id": 15, "img_name": "0016", "width": 800, "height": 800, "position": [-1.076922416687012, -0.23612260818481445, -1.017095923423767], "rotation": [[0.21416932344436646, 0.6623305678367614, 0.7179483175277711], [-0.976796567440033, 0.1452205032110214, 0.15741507709026337], [-1.9927066315300472e-17, -0.7350028157234192, 0.6780639886856079]], "fy": 1111.1110311937682, "fx": 1111.1110311937682}, {"id": 16, "img_name": "0017", "width": 800, "height": 800, "position": [0.7703498601913451, -1.1606431007385252, -0.5562989711761475], "rotation": [[0.8331791758537294, -0.20509007573127747, -0.5135666131973268], [0.5530032515525819, 0.30899778008461, 0.7737621665000914], [1.0746109634038084e-17, -0.9286863803863525, 0.3708660304546356]], "fy": 1111.1110311937682, "fx": 1111.1110311937682}, {"id": 17, "img_name": "0018", "width": 800, "height": 800, "position": [-1.1499912738800047, 0.7378573417663572, -0.6189397573471069], "rotation": [[-0.5400205850601196, 0.3472878932952883, 0.7666609287261964], [-0.8416517972946167, -0.22282683849334714, -0.49190494418144226], [2.1279113756000853e-17, -0.9109002947807313, 0.41262656450271606]], "fy": 1111.1110311937682, "fx": 1111.1110311937682}, {"id": 18, "img_name": "0019", "width": 800, "height": 800, "position": [-0.7443706393241883, 1.1841537952423098, 0.5419336557388306], "rotation": [[-0.8466219902038575, -0.192276194691658, 0.4962471127510071], [-0.5321948528289796, 0.3058752417564392, -0.7894358634948732], [1.490116295737352e-08, -0.9324538111686707, -0.3612891137599945]], "fy": 1111.1110311937682, "fx": 1111.1110311937682}, {"id": 19, "img_name": "0020", "width": 800, "height": 800, "position": [-0.24512869119644168, -0.8630419969558715, -1.202110767364502], "rotation": [[0.9619511365890505, 0.21896182000637057, 0.1634191274642945], [-0.2732216715812683, 0.7709145545959472, 0.5753613710403442], [-3.3837131240350404e-17, -0.5981190800666809, 0.801407217979431]], "fy": 1111.1110311937682, "fx": 1111.1110311937682}, {"id": 20, "img_name": "0021", "width": 800, "height": 800, "position": [1.357001781463623, -0.47373968362808233, -0.42908853292465204], "rotation": [[0.32959979772567755, -0.2700742483139038, -0.9046677947044374], [0.9441208243370057, 0.09428498893976212, 0.3158264458179474], [1.255478943496063e-17, -0.9582120180130004, 0.2860589921474457]], "fy": 1111.1110311937682, "fx": 1111.1110311937682}, {"id": 21, "img_name": "0022", "width": 800, "height": 800, "position": [-0.16108340024948117, -1.4645473957061765, -0.281341701745987], "rotation": [[0.9940056204795836, 0.020505907014012337, 0.10738893598318099], [-0.10932920128107071, 0.1864368170499802, 0.9763649702072142], [-3.725290300517188e-09, -0.982252895832062, 0.18756113946437836]], "fy": 1111.1110311937682, "fx": 1111.1110311937682}, {"id": 22, "img_name": "0023", "width": 800, "height": 800, "position": [1.066084146499634, 1.0150854587554932, -0.28821203112602234], "rotation": [[-0.689572274684906, -0.13915200531482694, -0.7107227444648742], [0.7242169380187988, -0.13249534368515012, -0.6767235994338989], [-7.450581477344232e-09, -0.9813672304153441, 0.19214133918285367]], "fy": 1111.1110311937682, "fx": 1111.1110311937682}, {"id": 23, "img_name": "0024", "width": 800, "height": 800, "position": [-0.10930243134498598, 0.3223937749862671, 1.460861086845398], "rotation": [[-0.9470512270927429, -0.3127046227455139, 0.07286828756332397], [-0.32108250260353094, 0.9223402142524719, -0.21492919325828552], [5.250387537270146e-18, -0.22694581747055054, -0.9739074110984801]], "fy": 1111.1110311937682, "fx": 1111.1110311937682}, {"id": 24, "img_name": "0025", "width": 800, "height": 800, "position": [0.45354965329170244, -1.105953931808472, -0.9061779975891112], "rotation": [[0.9252200126647951, -0.22922134399414065, -0.30236643552780157], [0.3794309496879578, 0.5589427351951598, 0.7373026609420776], [1.4901159421661232e-08, -0.796894371509552, 0.6041187047958374]], "fy": 1111.1110311937682, "fx": 1111.1110311937682}, {"id": 25, "img_name": "0026", "width": 800, "height": 800, "position": [-0.012697384692728523, -0.19187784194946297, 1.4876228570938113], "rotation": [[0.9978176355361938, -0.06548506021499634, 0.008464923128485681], [-0.066029891371727, -0.9895843267440795, 0.12791857123374942], [-9.313224639991453e-10, -0.1281981468200684, -0.991748571395874]], "fy": 1111.1110311937682, "fx": 1111.1110311937682}, {"id": 26, "img_name": "0027", "width": 800, "height": 800, "position": [-0.41087132692337036, -0.010576851665973665, -1.4425923824310303], "rotation": [[0.02573396824300289, 0.9614098668098449, 0.2739142179489135], [-0.9996688961982728, 0.024749085307121277, 0.007051234599202871], [0.0, -0.2740050256252289, 0.961728274822235]], "fy": 1111.1110311937682, "fx": 1111.1110311937682}, {"id": 27, "img_name": "0028", "width": 800, "height": 800, "position": [-0.1573133617639541, -0.09417001903057098, 1.4887527227401733], "rotation": [[0.5136212706565856, -0.851583421230316, 0.10487556457519528], [-0.858017086982727, -0.5097699761390686, 0.06278000771999359], [-1.1818094393096776e-17, -0.12223006784915923, -0.9925017356872559]], "fy": 1111.1110311937682, "fx": 1111.1110311937682}, {"id": 28, "img_name": "0029", "width": 800, "height": 800, "position": [-1.2090485095977785, -0.7625887393951415, 0.4545987844467163], "rotation": [[0.5334824323654174, -0.25633648037910456, 0.8060323596000671], [-0.8458112478256223, -0.16168029606342318, 0.5083925127983093], [-0.0, -0.9529696702957154, -0.3030658662319184]], "fy": 1111.1110311937682, "fx": 1111.1110311937682}, {"id": 29, "img_name": "0030", "width": 800, "height": 800, "position": [-0.04917150735855104, 0.19828075170516973, 1.486023783683777], "rotation": [[-0.9705999493598938, -0.23845571279525757, 0.03278100863099098], [-0.2406984120607376, 0.9615564346313475, -0.13218718767166138], [7.100028186841327e-18, -0.13619096577167514, -0.9906826615333558]], "fy": 1111.1110311937682, "fx": 1111.1110311937682}, {"id": 30, "img_name": "0031", "width": 800, "height": 800, "position": [1.11972975730896, 0.44203975796699546, 0.8948776721954343], "rotation": [[-0.36719614267349243, 0.5549098253250121, -0.7464865446090698], [0.9301435947418213, 0.2190637290477752, -0.2946931719779969], [-0.0, -0.8025498390197753, -0.5965851545333862]], "fy": 1111.1110311937682, "fx": 1111.1110311937682}, {"id": 31, "img_name": "0032", "width": 800, "height": 800, "position": [0.2851279675960541, -0.8016363382339479, 1.235346555709839], "rotation": [[0.9421769380569457, 0.2759894728660583, -0.19008533656597137], [0.3351158499717712, -0.7759433984756469, 0.5344243049621582], [1.4901159374148244e-08, -0.5672228336334229, -0.8235644698143008]], "fy": 1111.1110311937682, "fx": 1111.1110311937682}, {"id": 32, "img_name": "0033", "width": 800, "height": 800, "position": [0.15511226654052732, 1.0478371381759646, 1.0620628595352177], "rotation": [[-0.9892203211784362, 0.10368222743272779, -0.10340818017721175], [0.1464351713657379, 0.7004093527793884, -0.6985580921173097], [-7.4505814944199e-09, -0.7061703801155093, -0.7080419063568117]], "fy": 1111.1110311937682, "fx": 1111.1110311937682}, {"id": 33, "img_name": "0034", "width": 800, "height": 800, "position": [-0.1597078442573547, 0.9470512866973877, -1.152209758758545], "rotation": [[-0.9860770702362062, 0.12773320078849792, 0.10647189617156982], [-0.16628901660442352, -0.7574449777603149, -0.631367564201355], [7.450580575089046e-09, -0.6402822136878968, 0.7681398391723633]], "fy": 1111.1110311937682, "fx": 1111.1110311937682}, {"id": 34, "img_name": "0035", "width": 800, "height": 800, "position": [-0.47983276844024664, 0.45630553364753734, -1.3459367752075195], "rotation": [[-0.6891180872917175, 0.6502212882041932, 0.31988853216171265], [-0.7246491312980653, -0.6183395385742189, -0.3042036890983582], [1.4901162948423735e-08, -0.44143906235694885, 0.8972911834716798]], "fy": 1111.1110311937682, "fx": 1111.1110311937682}, {"id": 35, "img_name": "0036", "width": 800, "height": 800, "position": [-0.1401862055063248, -0.07182314246892929, -1.4917068481445315], "rotation": [[0.4559786915779114, 0.8850701451301576, 0.0934574753046036], [-0.8899906873703003, 0.4534577131271362, 0.047882094979286194], [6.141407889917113e-18, -0.10500992089509965, 0.9944712519645691]], "fy": 1111.1110311937682, "fx": 1111.1110311937682}, {"id": 36, "img_name": "0037", "width": 800, "height": 800, "position": [-0.6499216556549072, 1.35085391998291, -0.05287296324968337], "rotation": [[-0.9011293053627014, 0.015282067470252514, 0.43328112363815313], [-0.4335505366325378, -0.03176357969641685, -0.9005693197250366], [-9.31322577423956e-10, -0.9993785619735718, 0.03524864464998245]], "fy": 1111.1110311937682, "fx": 1111.1110311937682}, {"id": 37, "img_name": "0038", "width": 800, "height": 800, "position": [0.2727274298667907, 0.314193695783615, 1.4411461353302], "rotation": [[-0.7551817893981932, 0.6297956109046935, -0.18181829154491422], [0.6555153727531433, 0.7255516052246092, -0.2094624638557434], [1.4901159439261099e-08, -0.2773670256137848, -0.9607641100883483]], "fy": 1111.1110311937682, "fx": 1111.1110311937682}, {"id": 38, "img_name": "0039", "width": 800, "height": 800, "position": [-0.0911661833524704, -0.002257655840367078, -1.4972252845764162], "rotation": [[0.024756593629717827, 0.9978442788124082, 0.060777463018894196], [-0.9996935725212097, 0.02471079677343368, 0.0015051041264086957], [0.0, -0.060795743018388755, 0.9981502890586854]], "fy": 1111.1110311937682, "fx": 1111.1110311937682}, {"id": 39, "img_name": "0040", "width": 800, "height": 800, "position": [0.29503846168518066, -0.1184161752462387, -1.4659228324890134], "rotation": [[0.37247717380523687, -0.9069581031799316, -0.19669231772422788], [0.9280413389205933, 0.36401525139808655, 0.0789441168308258], [0.0, -0.21194343268871307, 0.977281928062439]], "fy": 1111.1110311937682, "fx": 1111.1110311937682}, {"id": 40, "img_name": "0041", "width": 800, "height": 800, "position": [-0.4281874895095825, -1.1872049570083618, 0.8106786012649537], "rotation": [[0.9406868219375613, -0.18336261808872226, 0.28545832633972174], [-0.33927613496780407, -0.5083964467048645, 0.7914699912071229], [-1.4901161155566591e-08, -0.8413745760917664, -0.5404524207115173]], "fy": 1111.1110311937682, "fx": 1111.1110311937682}, {"id": 41, "img_name": "0042", "width": 800, "height": 800, "position": [1.0289610624313361, -0.6843675374984741, 0.8502236008644104], "rotation": [[0.5537998676300048, 0.47195902466773976, -0.6859740614891053], [0.8326498270034789, -0.31390246748924244, 0.4562450349330902], [1.490116124564552e-08, -0.8238446116447447, -0.5668157339096069]], "fy": 1111.1110311937682, "fx": 1111.1110311937682}, {"id": 42, "img_name": "0043", "width": 800, "height": 800, "position": [0.9392732381820678, 1.0789672136306758, 0.4512158036231994], "rotation": [[-0.7542450428009034, 0.19751010835170746, -0.626182198524475], [0.6565930247306824, 0.22688488662242892, -0.7193114757537842], [-1.490115947512304e-08, -0.9536839723587037, -0.3008105456829071]], "fy": 1111.1110311937682, "fx": 1111.1110311937682}, {"id": 43, "img_name": "0044", "width": 800, "height": 800, "position": [-1.231620192527771, 0.3937464356422424, -0.7603126764297485], "rotation": [[-0.3045147359371186, 0.48280233144760143, 0.8210802078247069], [-0.9525076746940614, -0.1543509215116501, -0.2624976634979248], [2.2789552737850148e-17, -0.8620194792747498, 0.5068751573562622]], "fy": 1111.1110311937682, "fx": 1111.1110311937682}, {"id": 44, "img_name": "0045", "width": 800, "height": 800, "position": [0.7876712679862976, 0.9789163470268252, -0.8193270564079285], "rotation": [[-0.7791038155555725, -0.34242135286331177, -0.5251141786575317], [0.6268949508666992, -0.42556056380271906, -0.6526108980178833], [1.490116119842875e-08, -0.8376430273056031, 0.5462180376052855]], "fy": 1111.1110311937682, "fx": 1111.1110311937682}, {"id": 45, "img_name": "0046", "width": 800, "height": 800, "position": [0.9899627566337587, -0.2738233208656311, -1.0931580066680906], "rotation": [[0.26658955216407776, -0.7023979425430298, -0.6599751710891725], [0.9638102054595948, 0.1942830085754395, 0.18254888057708743], [0.0, -0.6847563982009887, 0.7287720441818237]], "fy": 1111.1110311937682, "fx": 1111.1110311937682}, {"id": 46, "img_name": "0047", "width": 800, "height": 800, "position": [-0.7484405636787416, 0.7567951679229736, 1.0569283962249754], "rotation": [[-0.711020588874817, -0.49546772241592413, 0.49896043539047247], [-0.7031712532043457, 0.5009984970092772, -0.5045301914215087], [-1.1753849114876831e-17, -0.709585964679718, -0.704618990421295]], "fy": 1111.1110311937682, "fx": 1111.1110311937682}, {"id": 47, "img_name": "0048", "width": 800, "height": 800, "position": [-1.0475702285766602, -1.0036267042160034, 0.38122171163558966], "rotation": [[0.6917994618415834, -0.18351750075817116, 0.6983801722526549], [-0.7220897078514099, -0.1758192926645279, 0.6690844893455505], [-7.450580586615317e-09, -0.9671653509140016, -0.2541478276252747]], "fy": 1111.1110311937682, "fx": 1111.1110311937682}, {"id": 48, "img_name": "0049", "width": 800, "height": 800, "position": [0.006282484158873559, 0.012198161333799364, -1.4999372959136965], "rotation": [[-0.8890166282653809, -0.45785585045814514, -0.0041883224621415156], [0.4578750133514406, -0.8889794349670409, -0.008132106624543669], [2.328306439456992e-10, -0.00914858654141426, 0.9999581575393677]], "fy": 1111.1110311937682, "fx": 1111.1110311937682}, {"id": 49, "img_name": "0050", "width": 800, "height": 800, "position": [-0.4069062471389771, 0.8170811533927919, 1.1902965307235718], "rotation": [[-0.8951423168182375, -0.3537407815456391, 0.2712708115577698], [-0.4457806944847107, 0.7103230953216553, -0.5447207093238831], [-3.8980038330643965e-17, -0.6085297465324401, -0.7935310006141661]], "fy": 1111.1110311937682, "fx": 1111.1110311937682}, {"id": 50, "img_name": "0051", "width": 800, "height": 800, "position": [-0.7726850509643556, 1.0354436635971072, -0.7621116638183594], "rotation": [[-0.8014458417892456, 0.30386278033256525, 0.5151233673095703], [-0.5980674624443054, -0.4071941673755645, -0.6902958154678346], [1.490116121101744e-08, -0.8613131046295166, 0.508074462413788]], "fy": 1111.1110311937682, "fx": 1111.1110311937682}, {"id": 51, "img_name": "0052", "width": 800, "height": 800, "position": [-0.7773544788360596, -0.9574804902076717, 0.8537862896919252], "rotation": [[0.7763513326644895, -0.35876122117042547, 0.5182363390922546], [-0.6303003430366517, -0.4418921470642091, 0.6383203268051149], [-1.4901159407416311e-08, -0.8222054839134217, -0.5691908597946168]], "fy": 1111.1110311937682, "fx": 1111.1110311937682}, {"id": 52, "img_name": "0053", "width": 800, "height": 800, "position": [0.7285174131393435, 0.594493329524994, 1.1686916351318362], "rotation": [[-0.6322394609451294, 0.6036471724510193, -0.4856782853603364], [0.774773120880127, 0.492595225572586, -0.3963288962841034], [-1.4901161095439215e-08, -0.6268652677536012, -0.7791277766227722]], "fy": 1111.1110311937682, "fx": 1111.1110311937682}, {"id": 53, "img_name": "0054", "width": 800, "height": 800, "position": [-1.0530292987823489, 0.6576800942420958, -0.8417755365371702], "rotation": [[-0.5297306180000305, 0.4759769141674043, 0.7020196318626404], [-0.8481659889221191, -0.2972761690616607, -0.4384534358978272], [3.8969911906380134e-17, -0.8276911973953247, 0.5611837506294249]], "fy": 1111.1110311937682, "fx": 1111.1110311937682}, {"id": 54, "img_name": "0055", "width": 800, "height": 800, "position": [0.35357746481895447, 0.10166555643081666, -1.4541826248168943], "rotation": [[-0.27633765339851385, -0.9317050576210022, -0.23571830987930298], [0.961060643196106, -0.2678969204425812, -0.06777703762054445], [-1.2930006565573937e-17, -0.24526907503604886, 0.9694551229476928]], "fy": 1111.1110311937682, "fx": 1111.1110311937682}, {"id": 55, "img_name": "0056", "width": 800, "height": 800, "position": [0.46424758434295665, 0.07044186443090439, -1.4246094226837163], "rotation": [[-0.15001630783081052, -0.9389919042587278, -0.3094984292984009], [0.988683521747589, -0.142476424574852, -0.04696124792098999], [6.515566176355289e-18, -0.31304094195365906, 0.9497397541999818]], "fy": 1111.1110311937682, "fx": 1111.1110311937682}, {"id": 56, "img_name": "0057", "width": 800, "height": 800, "position": [0.6510763168334962, -0.760049343109131, -1.1173291206359863], "rotation": [[0.759451448917389, -0.4845961630344391, -0.43405091762542725], [0.6505640745162964, 0.5657048225402832, 0.5066996216773987], [1.4901161237147564e-08, -0.6671916246414185, 0.7448861598968506]], "fy": 1111.1110311937682, "fx": 1111.1110311937682}, {"id": 57, "img_name": "0058", "width": 800, "height": 800, "position": [-0.08081388473510744, 0.10639984905719758, -1.4940375089645386], "rotation": [[-0.7963424921035767, 0.6024417281150819, 0.05387592315673828], [-0.6048460006713868, -0.7931770086288453, -0.07093323767185213], [-2.459393292493316e-18, -0.08907394111156465, 0.9960250258445741]], "fy": 1111.1110311937682, "fx": 1111.1110311937682}, {"id": 58, "img_name": "0059", "width": 800, "height": 800, "position": [0.008562426082789898, 0.18636421859264377, 1.4883531332015993], "rotation": [[-0.9989461898803711, 0.04553980007767677, -0.005708284676074982], [0.045896157622337334, 0.9911898374557495, -0.12424282729625703], [3.489787999787199e-19, -0.12437415122985841, -0.9922355413436892]], "fy": 1111.1110311937682, "fx": 1111.1110311937682}, {"id": 59, "img_name": "0060", "width": 800, "height": 800, "position": [-1.3477580547332764, 0.4060509502887725, -0.5183346271514891], "rotation": [[-0.28847104310989385, 0.33086636662483215, 0.8985053896903992], [-0.9574886560440063, -0.09968301653861998, -0.27070063352584833], [-7.450580593060288e-09, -0.9383979439735411, 0.34555643796920776]], "fy": 1111.1110311937682, "fx": 1111.1110311937682}, {"id": 60, "img_name": "0061", "width": 800, "height": 800, "position": [0.09907367825508119, -0.605122208595276, 1.3689453601837158], "rotation": [[0.9868606328964233, 0.14745718240737912, -0.06604912132024766], [0.1615738421678543, -0.9006389379501343, 0.40341481566429144], [2.228886386794393e-18, -0.4087861180305482, -0.9126302599906922]], "fy": 1111.1110311937682, "fx": 1111.1110311937682}, {"id": 61, "img_name": "0062", "width": 800, "height": 800, "position": [1.095372676849365, -0.8991069793701173, -0.49169653654098516], "rotation": [[0.6344598531723022, -0.2533731162548065, -0.7302484512329102], [0.7729558348655701, 0.20797447860240934, 0.5994046926498413], [-0.0, -0.9447479248046874, 0.32779771089553833]], "fy": 1111.1110311937682, "fx": 1111.1110311937682}, {"id": 62, "img_name": "0063", "width": 800, "height": 800, "position": [0.4006004333496094, 1.0400911569595335, -1.003857374191284], "rotation": [[-0.9331755638122559, -0.24053822457790378, -0.26706695556640625], [0.3594208955764771, -0.6245167851448059, -0.6933941245079037], [-1.4901161181613908e-08, -0.743047833442688, 0.669238269329071]], "fy": 1111.1110311937682, "fx": 1111.1110311937682}, {"id": 63, "img_name": "0064", "width": 800, "height": 800, "position": [-0.08651217073202137, 0.11564895510673524, 1.4930307865142824], "rotation": [[-0.8007457256317141, -0.5962215065956116, 0.057674780488014235], [-0.5990045666694641, 0.7970253229141238, -0.0770993083715439], [3.7252903016007245e-09, -0.0962842330336571, -0.9953538775444032]], "fy": 1111.1110311937682, "fx": 1111.1110311937682}, {"id": 64, "img_name": "0065", "width": 800, "height": 800, "position": [0.5056515336036683, -1.334679126739502, -0.46146303415298456], "rotation": [[0.9351383447647095, -0.1089923605322838, -0.33710104227066046], [0.35428300499916077, 0.28768786787986755, 0.8897861242294312], [-1.4901161196613722e-08, -0.9515022039413451, 0.3076420426368713]], "fy": 1111.1110311937682, "fx": 1111.1110311937682}, {"id": 65, "img_name": "0066", "width": 800, "height": 800, "position": [1.435763120651245, 0.4336994290351867, -0.022118493914604187], "rotation": [[-0.28916439414024353, -0.014115720987319946, -0.9571754336357117], [0.9572795033454894, -0.004263920243829489, -0.2891329526901245], [4.65661287490227e-10, -0.9998912811279297, 0.014745662920176983]], "fy": 1111.1110311937682, "fx": 1111.1110311937682}, {"id": 66, "img_name": "0067", "width": 800, "height": 800, "position": [-0.03958448022603988, -0.4789630472660064, -1.4209249019622803], "rotation": [[0.996602177619934, 0.07802336663007735, 0.02638965472579002], [-0.08236540108919142, 0.9440646171569824, 0.31930869817733765], [-2.754451425911061e-18, -0.32039716839790344, 0.9472832679748535]], "fy": 1111.1110311937682, "fx": 1111.1110311937682}, {"id": 67, "img_name": "0068", "width": 800, "height": 800, "position": [-1.0923581123352049, -0.28008526563644404, 0.9890935420989991], "rotation": [[0.24836987257003784, -0.6387337446212769, 0.7282387614250181], [-0.9686652421951295, -0.16377404332160952, 0.18672351539134982], [-2.0212686436464728e-17, -0.7517961263656616, -0.659395694732666]], "fy": 1111.1110311937682, "fx": 1111.1110311937682}, {"id": 68, "img_name": "0069", "width": 800, "height": 800, "position": [-0.9404159784317015, 0.14918346703052518, -1.1590349674224854], "rotation": [[-0.15667645633220673, 0.763147234916687, 0.6269440054893493], [-0.9876499772071838, -0.1210623309016228, -0.09945564717054367], [1.0590795727362931e-17, -0.6347835063934326, 0.7726899981498718]], "fy": 1111.1110311937682, "fx": 1111.1110311937682}, {"id": 69, "img_name": "0070", "width": 800, "height": 800, "position": [0.10696317255496977, -0.14327588677406317, -1.4893054962158205], "rotation": [[0.8013235330581665, -0.5939660668373107, -0.07130878418684006], [0.5982312560081481, 0.7956103682518006, 0.09551726281642917], [-7.450580617404089e-09, -0.11919941753149035, 0.9928703308105469]], "fy": 1111.1110311937682, "fx": 1111.1110311937682}, {"id": 70, "img_name": "0071", "width": 800, "height": 800, "position": [1.0976670980453491, 0.7058834433555602, -0.7394967079162598], "rotation": [[-0.5408878922462462, -0.4146578907966613, -0.731778085231781], [0.8410947322845458, -0.26665654778480524, -0.47058898210525507], [1.4901161206760856e-08, -0.8700305223464966, 0.4929978251457214]], "fy": 1111.1110311937682, "fx": 1111.1110311937682}, {"id": 71, "img_name": "0072", "width": 800, "height": 800, "position": [1.3603637218475342, 0.12150265276432036, 0.6201997995376587], "rotation": [[-0.0889621675014496, 0.4118271172046661, -0.9069091081619263], [0.9960350394248962, 0.036782875657081604, -0.08100176602602004], [3.725290736380243e-09, -0.9105193018913268, -0.4134665131568909]], "fy": 1111.1110311937682, "fx": 1111.1110311937682}, {"id": 72, "img_name": "0073", "width": 800, "height": 800, "position": [-0.25115752220153814, 1.3704705238342285, -0.5556350946426393], "rotation": [[-0.98361873626709, 0.06677312403917315, 0.16743835806846624], [-0.18026162683963778, -0.3643553555011749, -0.9136470556259156], [-3.7252902970885085e-09, -0.928862988948822, 0.3704234063625336]], "fy": 1111.1110311937682, "fx": 1111.1110311937682}, {"id": 73, "img_name": "0074", "width": 800, "height": 800, "position": [0.8147187232971191, 1.2272140979766843, 0.2831585109233855], "rotation": [[-0.8331215977668763, 0.10440807789564133, -0.5431458950042725], [0.5530899167060853, 0.15727031230926514, -0.818142831325531], [7.450580599884274e-09, -0.9820208549499513, -0.18877236545085907]], "fy": 1111.1110311937682, "fx": 1111.1110311937682}, {"id": 74, "img_name": "0075", "width": 800, "height": 800, "position": [0.054414860904216766, -0.5062270164489747, 1.410947561264038], "rotation": [[0.9942725300788878, 0.10053034871816634, -0.03627657890319824], [0.10687537491321565, -0.9352441430091859, 0.33748471736907965], [-3.72529073322622e-09, -0.3394287526607514, -0.9406318068504335]], "fy": 1111.1110311937682, "fx": 1111.1110311937682}, {"id": 75, "img_name": "0076", "width": 800, "height": 800, "position": [-0.7758511304855346, 0.4540592432022095, 1.2007852792739868], "rotation": [[-0.5050984621047974, -0.690901279449463, 0.5172340869903563], [-0.8630617856979371, 0.4043431878089904, -0.3027061820030212], [1.4901161185074542e-08, -0.5993013381958008, -0.8005235195159912]], "fy": 1111.1110311937682, "fx": 1111.1110311937682}, {"id": 76, "img_name": "0077", "width": 800, "height": 800, "position": [-1.4949252605438232, -0.04845933616161348, -0.11335813999176023], "rotation": [[0.032398875802755356, 0.0755324214696884, 0.9966168403625487], [-0.9994750618934632, 0.002448451006785035, 0.032306224107742317], [-2.3283067097659543e-10, -0.9971402883529662, 0.07557209581136703]], "fy": 1111.1110311937682, "fx": 1111.1110311937682}, {"id": 77, "img_name": "0078", "width": 800, "height": 800, "position": [-1.2408977746963499, -0.5298815369606018, 0.655284821987152], "rotation": [[0.3927094340324402, -0.4017606377601623, 0.8272652029991151], [-0.919662654399872, -0.17155767977237696, 0.3532543778419494], [-1.490116121946826e-08, -0.8995311856269834, -0.4368565678596496]], "fy": 1111.1110311937682, "fx": 1111.1110311937682}, {"id": 78, "img_name": "0079", "width": 800, "height": 800, "position": [-0.6230795979499818, 0.6722913980484009, 1.1873483657836914], "rotation": [[-0.7334410548210143, -0.5380691289901733, 0.41538640856742864], [-0.6797531247138976, 0.5805666446685791, -0.4481942653656006], [-7.919557518156235e-17, -0.6110841631889342, -0.7915655970573425]], "fy": 1111.1110311937682, "fx": 1111.1110311937682}, {"id": 79, "img_name": "0080", "width": 800, "height": 800, "position": [-0.17793965339660647, 0.9403522610664369, 1.1550216674804688], "rotation": [[-0.9825634956359863, -0.14316660165786746, 0.11862643808126451], [-0.18592713773250583, 0.7565881609916687, -0.6269015073776245], [2.8320793685213904e-18, -0.6380264759063722, -0.7700144648551942]], "fy": 1111.1110311937682, "fx": 1111.1110311937682}, {"id": 80, "img_name": "0081", "width": 800, "height": 800, "position": [-1.413628101348877, -0.20265844464302066, 0.45889565348625183], "rotation": [[0.1419096440076828, -0.30283427238464355, 0.9424187541007994], [-0.9898796677589417, -0.043414477258920676, 0.13510563969612124], [-0.0, -0.9520538449287413, -0.3059304356575012]], "fy": 1111.1110311937682, "fx": 1111.1110311937682}, {"id": 81, "img_name": "0082", "width": 800, "height": 800, "position": [-1.4040087461471558, -0.4838469624519347, -0.21130943298339844], "rotation": [[0.3258137404918671, 0.13318608701229095, 0.9360057711601257], [-0.9454339742660524, 0.04589834809303284, 0.32256463170051575], [3.7252902980026406e-09, -0.9900277256965636, 0.14087294042110443]], "fy": 1111.1110311937682, "fx": 1111.1110311937682}, {"id": 82, "img_name": "0083", "width": 800, "height": 800, "position": [0.08455254137516019, -0.33932852745056147, -1.458666205406189], "rotation": [[0.9703303575515747, -0.23512051999568934, -0.0563683621585369], [0.24178308248519895, 0.9435919523239135, 0.22621902823448176], [6.0912777158493684e-18, -0.23313619196414942, 0.9724441766738892]], "fy": 1111.1110311937682, "fx": 1111.1110311937682}, {"id": 83, "img_name": "0084", "width": 800, "height": 800, "position": [0.2037829458713532, -0.3918402791023255, 1.4335039854049685], "rotation": [[0.8871926665306092, 0.4409449994564057, -0.13585530221462253], [0.4613990783691407, -0.8478629589080808, 0.2612268626689911], [1.2610194350976958e-18, -0.29444193840026855, -0.9556693434715272]], "fy": 1111.1110311937682, "fx": 1111.1110311937682}, {"id": 84, "img_name": "0085", "width": 800, "height": 800, "position": [-0.7568295001983643, 1.2095358371734617, 0.4628519117832184], "rotation": [[-0.847724199295044, -0.16367593407630923, 0.5045530796051025], [-0.530437171459198, 0.26158055663108826, -0.8063573241233827], [1.490115940344693e-08, -0.9512023329734802, -0.30856797099113464]], "fy": 1111.1110311937682, "fx": 1111.1110311937682}, {"id": 85, "img_name": "0086", "width": 800, "height": 800, "position": [-1.0173251628875735, -0.5894649028778076, -0.9314401745796203], "rotation": [[0.5013465881347657, 0.5372835993766784, 0.6782168149948121], [-0.8652466535568238, 0.31131622195243835, 0.3929766118526459], [-1.4901161238119795e-08, -0.7838422060012817, 0.6209601163864136]], "fy": 1111.1110311937682, "fx": 1111.1110311937682}, {"id": 86, "img_name": "0087", "width": 800, "height": 800, "position": [-0.44623774290084844, -1.3803503513336186, -0.38145112991333013], "rotation": [[0.9515144228935243, 0.07822400331497195, 0.29749181866645813], [-0.30760428309440613, 0.2419708669185639, 0.9202334880828859], [-5.953346974277793e-18, -0.9671252369880677, 0.254300743341446]], "fy": 1111.1110311937682, "fx": 1111.1110311937682}, {"id": 87, "img_name": "0088", "width": 800, "height": 800, "position": [1.3877551555633545, 0.17574666440486908, 0.5415244102478027], "rotation": [[-0.12563751637935638, 0.35815566778182983, -0.925170123577118], [0.9920762777328491, 0.04535718262195588, -0.11716444790363313], [6.4196574986872135e-18, -0.9325594902038574, -0.36101627349853516]], "fy": 1111.1110311937682, "fx": 1111.1110311937682}, {"id": 88, "img_name": "0089", "width": 800, "height": 800, "position": [-0.36645811796188354, 1.1367961168289187, 0.9074156284332275], "rotation": [[-0.9517698287963868, -0.18560457229614258, 0.24430541694164273], [-0.3068129718303681, 0.5757671594619752, -0.7578641176223755], [-3.3383716706309376e-17, -0.7962682247161866, -0.6049437522888185]], "fy": 1111.1110311937682, "fx": 1111.1110311937682}, {"id": 89, "img_name": "0090", "width": 800, "height": 800, "position": [0.47233498096466076, -0.19628739356994637, -1.4100961685180666], "rotation": [[0.3837509155273438, -0.8680896162986754, -0.31488996744155884], [0.92343670129776, 0.36075043678283697, 0.13085825741291052], [4.818865674374976e-17, -0.34099781513214117, 0.9400640726089478]], "fy": 1111.1110311937682, "fx": 1111.1110311937682}, {"id": 90, "img_name": "0091", "width": 800, "height": 800, "position": [-0.699497699737549, 1.1199995279312134, -0.7115504145622253], "rotation": [[-0.8481691479682922, 0.25128430128097545, 0.4663318097591402], [-0.5297255516052246, -0.4023434221744538, -0.7466663718223574], [2.0445080027582478e-17, -0.8803272247314452, 0.4743669629096985]], "fy": 1111.1110311937682, "fx": 1111.1110311937682}, {"id": 91, "img_name": "0092", "width": 800, "height": 800, "position": [-1.1362078189849854, 0.5011863112449646, 0.8413347601890564], "rotation": [[-0.4035850167274475, -0.513181746006012, 0.7574719190597535], [-0.9149421453475953, 0.22636672854423526, -0.334124207496643], [-0.0, -0.8278905153274536, -0.5608898401260376]], "fy": 1111.1110311937682, "fx": 1111.1110311937682}, {"id": 92, "img_name": "0093", "width": 800, "height": 800, "position": [0.2765452861785889, -1.4602484703063965, -0.20297092199325562], "rotation": [[0.9825356006622314, -0.025178525596857074, -0.1843635141849518], [0.18607488274574283, 0.13295075297355652, 0.9734989404678346], [2.972846105828744e-18, -0.9908027052879333, 0.13531394302845004]], "fy": 1111.1110311937682, "fx": 1111.1110311937682}, {"id": 93, "img_name": "0094", "width": 800, "height": 800, "position": [-0.03648358210921288, -0.14850004017353058, 1.4921852350234983], "rotation": [[0.9711214303970337, -0.23734271526336673, 0.024322386831045158], [-0.23858569562435153, -0.9660620689392091, 0.0990000218153], [1.8626451449602773e-09, -0.1019442453980446, -0.9947900772094727]], "fy": 1111.1110311937682, "fx": 1111.1110311937682}, {"id": 94, "img_name": "0095", "width": 800, "height": 800, "position": [0.0050791329704225055, -0.0765063613653183, 1.4980390071868899], "rotation": [[0.9978035688400267, 0.06615595519542693, -0.003386089112609624], [0.06624255329370499, -0.9964991211891172, 0.05100424587726592], [-2.3283061568696358e-10, -0.05111633241176605, -0.998692810535431]], "fy": 1111.1110311937682, "fx": 1111.1110311937682}, {"id": 95, "img_name": "0096", "width": 800, "height": 800, "position": [0.9280033111572266, 0.15782751142978665, -1.167861461639404], "rotation": [[-0.16766461730003354, -0.7675528526306152, -0.6186689138412476], [0.9858441352844238, -0.13053934276103973, -0.10521834343671797], [7.450580598804552e-09, -0.6275524497032166, 0.7785743474960328]], "fy": 1111.1110311937682, "fx": 1111.1110311937682}, {"id": 96, "img_name": "0097", "width": 800, "height": 800, "position": [-0.2318623661994934, -0.7059618830680847, -1.3030186891555784], "rotation": [[0.950070321559906, 0.27105918526649475, 0.154574915766716], [-0.31203606724739075, 0.8253061771392821, 0.4706412553787231], [1.4901161208035114e-08, -0.4953752756118773, 0.8686791658401489]], "fy": 1111.1110311937682, "fx": 1111.1110311937682}, {"id": 97, "img_name": "0098", "width": 800, "height": 800, "position": [-1.0475515127182007, 1.0735334157943726, 0.012727090157568455], "rotation": [[-0.7157146334648131, -0.005925671197474003, 0.6983676552772522], [-0.6983928084373473, 0.0060726422816515, -0.7156888842582704], [-1.084963894559448e-18, -0.9999639987945557, -0.008484725840389729]], "fy": 1111.1110311937682, "fx": 1111.1110311937682}, {"id": 98, "img_name": "0099", "width": 800, "height": 800, "position": [-0.37476450204849243, -0.6287322640419006, -1.3092926740646362], "rotation": [[0.8589810132980346, 0.4469117224216462, 0.2498430013656616], [-0.5120074152946472, 0.7497717142105104, 0.4191548526287078], [1.4901161192624542e-08, -0.4879674315452575, 0.8728618025779722]], "fy": 1111.1110311937682, "fx": 1111.1110311937682}, {"id": 99, "img_name": "0100", "width": 800, "height": 800, "position": [0.2031543999910355, 1.4641461372375486, 0.2549598813056945], "rotation": [[-0.9905107021331788, 0.023360468447208405, -0.13543625175952914], [0.1374361515045166, 0.1683603078126907, -0.9760973453521727], [-3.725290747108189e-09, -0.985448718070984, -0.16997323930263514]], "fy": 1111.1110311937682, "fx": 1111.1110311937682}, {"id": 100, "img_name": "0101", "width": 800, "height": 800, "position": [-0.853384256362915, -1.2183425426483157, -0.1933311820030213], "rotation": [[0.8190599679946898, 0.07394376397132875, 0.5689228773117067], [-